A=[1,2;3,4]
B=[9;6]
A*B
9*3+4*6